128
18
0 0 1 2 2 2 2 2 2 2 2 2 2 2 2 3 0 0 1 2 2 2 2 2 2 2 2 2 2 2 2 3 0 0 1 2 2 2 2 2 2 2 2 2 2 2 2 3 0 0 1 2 2 2 2 2 2 2 2 2 2 2 2 3 0 0 1 2 2 2 2 2 2 2 2 2 2 2 2 3 0 0 1 2 2 2 2 2 2 2 2 2 2 2 2 3 0 0 1 2 2 2 2 2 2 2 2 2 2 2 2 3 0 0 0 0 0 0 0 0 0 0 0 0 0 0 0 0
0 0 4 5 5 5 5 5 5 5 5 5 5 5 5 5 0 0 4 5 5 5 5 5 5 5 5 5 5 5 5 5 0 0 4 5 5 5 5 5 5 5 5 5 5 5 5 5 0 0 4 5 5 5 5 5 5 5 5 5 5 5 5 5 0 0 4 5 5 5 5 5 5 5 5 5 5 5 5 5 0 0 4 5 5 5 5 5 5 5 5 5 5 5 5 5 0 0 4 5 5 5 5 5 5 5 5 5 5 5 5 5 0 0 0 0 0 0 0 0 0 0 0 0 0 0 0 0
0 0 4 6 6 6 6 6 6 6 6 6 6 6 6 6 0 0 4 6 6 6 6 6 6 6 6 6 6 6 6 6 0 0 4 6 6 6 6 6 6 6 6 6 6 6 6 6 0 0 4 6 6 6 6 6 6 6 6 6 6 6 6 6 0 0 4 6 6 6 6 6 6 6 6 6 6 6 6 6 0 0 4 6 6 6 6 6 6 6 6 6 6 6 6 6 0 0 4 6 6 6 6 6 6 6 6 6 6 6 6 6 0 0 0 0 0 0 0 0 0 0 0 0 0 0 0 0
0 0 4 5 5 5 5 5 5 5 5 5 5 5 5 5 0 0 4 7 7 7 7 7 7 7 7 7 7 7 7 7 0 0 4 8 8 8 8 8 8 8 8 8 8 8 8 8 0 0 4 8 8 8 8 8 8 8 8 8 8 8 8 8 0 0 4 7 7 7 7 7 7 7 7 7 7 7 7 7 0 0 4 5 5 5 5 5 5 5 5 5 5 5 5 5 0 0 4 7 7 7 7 7 7 7 7 7 7 7 7 7 0 0 9 9 0 0 0 0 0 0 0 0 9 9 0 0
0 0 4 6 10 6 10 6 10 6 6 11 12 11 12 6 0 0 4 13 13 11 12 13 11 12 13 11 12 13 10 14 0 0 4 15 15 10 15 15 15 15 10 15 10 15 10 15 0 0 4 15 15 10 15 15 15 15 10 15 10 15 10 15 0 0 4 13 13 11 12 13 11 12 13 11 12 13 10 14 0 0 4 16 17 18 10 6 10 6 6 11 12 11 12 6 0 0 4 13 13 11 12 13 11 12 13 11 12 13 10 14 0 0 19 20 0 0 0 9 0 0 0 21 19 20 0 0
0 0 4 6 22 6 22 6 22 6 6 23 24 23 24 6 0 0 4 13 13 25 26 13 25 26 13 25 26 13 27 14 0 9 4 15 15 27 15 28 3 15 27 15 27 15 27 15 0 9 4 15 15 27 15 28 3 15 27 15 27 15 27 15 0 0 4 13 13 25 26 13 25 26 13 25 26 13 27 14 0 0 4 29 22 30 22 6 22 6 6 23 24 23 24 6 0 0 4 13 13 25 26 13 25 26 13 25 26 13 27 14 0 0 31 32 0 0 9 21 33 9 0 34 31 32 9 0
0 0 4 6 27 6 27 6 27 6 6 25 26 25 26 6 0 0 4 13 13 7 7 13 7 7 13 7 7 13 7 14 0 19 35 15 15 8 15 8 8 15 8 15 8 15 8 15 0 19 35 15 15 8 15 8 8 15 8 15 8 15 8 15 0 0 4 13 13 7 7 13 7 7 13 7 7 13 7 14 0 0 4 36 27 37 27 6 27 6 6 25 26 25 26 6 0 0 4 13 13 7 7 13 7 7 13 7 7 13 7 14 0 0 31 32 0 0 19 20 38 19 0 34 21 33 33 0
0 0 35 28 2 3 5 6 5 6 6 5 5 5 5 6 9 9 35 39 39 39 39 39 39 39 39 39 39 39 39 39 0 31 40 39 39 39 39 39 39 39 39 39 39 39 39 39 0 31 40 39 39 39 39 39 39 39 39 39 39 39 39 39 9 9 35 39 39 39 39 39 39 39 39 39 39 39 39 39 0 0 35 28 2 3 5 6 5 6 6 5 5 5 5 6 9 9 35 39 39 39 39 39 39 39 39 39 39 39 39 39 41 41 41 41 41 41 41 41 41 41 41 41 41 41 41 41
0 0 40 39 39 39 39 39 39 39 39 39 39 39 39 39 21 33 40 42 43 44 45 46 47 7 7 7 7 7 7 7 0 31 40 48 49 50 8 8 8 8 8 8 8 8 8 8 0 31 40 48 49 51 8 8 8 8 8 8 8 8 8 8 21 33 40 7 7 7 45 46 47 7 7 7 7 7 7 7 0 0 40 39 39 39 39 39 39 39 39 39 39 39 39 39 21 33 40 7 7 7 45 46 47 7 7 7 7 7 7 7 52 53 52 53 52 53 52 53 52 53 52 53 52 53 52 53
0 0 40 5 5 5 5 54 55 56 5 5 5 5 5 5 34 38 40 57 58 59 11 60 12 13 10 13 10 13 10 14 0 31 40 61 62 63 15 15 15 15 15 15 15 15 15 15 0 31 40 15 15 15 15 15 15 15 15 15 15 15 15 15 34 38 40 13 10 13 11 60 12 13 10 13 10 13 10 14 0 0 40 5 5 5 5 5 5 5 5 5 5 5 5 5 34 38 40 13 10 13 11 60 12 13 10 13 10 13 10 14 53 52 53 52 53 52 53 52 53 52 53 52 53 52 52 64
0 0 40 6 10 6 10 65 66 67 6 11 12 11 12 6 34 38 40 57 68 59 23 69 24 13 22 13 22 13 22 14 0 31 40 15 28 3 15 15 10 15 28 2 3 15 10 15 0 31 40 15 28 3 15 15 10 15 28 2 3 15 10 15 34 38 40 13 22 13 23 69 24 13 22 13 22 13 22 14 0 0 40 6 10 6 10 6 10 6 6 11 12 11 12 6 34 38 40 13 22 13 23 69 24 13 22 13 22 13 22 14 39 39 39 39 39 39 39 39 39 39 39 39 39 39 52 53
0 0 40 6 22 6 22 65 70 67 6 23 24 23 24 6 34 19 40 57 71 59 23 69 24 13 27 13 27 13 27 14 21 31 40 15 8 8 15 15 27 15 11 60 12 15 27 15 21 31 40 15 8 8 15 15 27 15 11 60 12 15 27 15 34 19 40 13 27 13 23 69 24 13 27 13 27 13 27 14 0 0 40 6 22 6 22 6 22 6 6 23 24 23 24 6 34 19 40 13 27 13 23 69 24 13 27 13 27 13 27 14 72 73 72 73 72 73 72 73 72 73 72 73 72 73 52 64
74 74 40 6 27 6 27 65 75 67 6 25 26 25 26 6 34 31 40 76 77 59 25 39 26 13 7 13 7 13 7 14 34 31 40 15 15 15 15 15 8 15 23 69 24 15 8 15 34 31 40 15 15 15 15 15 8 15 23 69 24 15 8 15 34 31 40 13 7 13 25 39 26 13 7 13 7 13 7 14 74 74 40 6 27 6 27 6 27 6 6 25 26 25 26 6 34 31 40 13 7 13 25 39 26 13 7 13 7 13 7 14 72 72 72 72 72 72 72 72 72 72 72 72 72 72 52 53
72 72 40 6 5 6 5 78 79 67 6 5 5 5 5 6 34 31 40 80 81 82 83 84 85 86 86 86 86 86 86 86 34 31 40 86 86 86 86 86 86 86 25 39 26 86 86 86 34 31 40 86 86 86 86 86 86 86 25 39 26 86 86 86 34 31 40 86 86 86 83 84 85 86 86 86 86 86 86 86 72 72 40 6 5 6 5 6 5 6 6 5 5 5 5 6 34 31 40 86 86 86 83 84 85 86 86 86 86 86 86 86 72 72 72 72 72 73 72 73 72 73 72 73 72 73 52 64
87 87 88 87 87 87 87 87 87 87 87 87 87 87 87 87 87 87 88 89 89 89 83 84 85 89 89 89 89 89 89 89 87 87 88 89 89 89 89 89 89 89 83 84 85 89 89 89 87 87 88 89 89 89 89 89 89 89 83 84 85 89 89 89 87 87 88 89 89 89 83 84 85 89 89 89 89 89 89 89 87 87 88 87 87 87 87 87 87 87 87 87 87 87 87 87 87 87 88 89 89 89 83 84 85 89 89 89 89 89 89 89 41 41 41 64 90 90 90 90 90 90 90 90 90 90 52 53
91 91 91 91 91 92 93 94 93 94 95 91 91 91 91 91 91 91 91 91 91 91 91 91 91 91 91 91 91 91 91 91 91 91 91 91 91 91 91 91 91 91 91 91 91 91 91 91 91 91 91 91 91 91 91 91 91 91 91 91 91 91 91 91 91 91 91 91 91 91 91 91 91 91 91 91 91 91 91 91 91 91 91 91 91 92 93 94 93 94 95 91 91 91 91 91 91 91 91 91 91 91 91 91 91 91 91 91 91 91 91 91 52 53 52 53 96 41 64 41 41 41 41 41 41 41 52 53
97 98 97 98 97 98 97 98 97 98 97 98 97 98 97 98 97 98 97 98 97 98 97 98 97 98 97 98 97 98 97 98 97 98 97 98 97 98 97 98 97 98 97 98 97 98 97 98 97 98 97 98 97 98 97 98 97 98 97 98 97 98 97 98 97 98 97 98 97 98 97 98 97 98 97 98 97 98 97 98 97 98 97 98 97 98 97 98 97 98 97 98 97 98 97 98 97 98 97 98 97 98 97 98 97 98 97 98 97 98 97 98 99 99 100 101 99 102 99 102 99 102 99 102 99 102 102 99
103 104 103 104 103 104 103 104 103 104 103 104 103 104 103 104 103 104 103 104 103 104 103 104 103 104 103 104 103 104 103 104 103 104 103 104 103 104 103 104 103 104 103 104 103 104 103 104 103 104 103 104 103 104 103 104 103 104 103 104 103 104 103 104 103 104 103 104 103 104 103 104 103 104 103 104 103 104 103 104 103 104 103 104 103 104 103 104 103 104 103 104 103 104 103 104 103 104 103 104 103 104 103 104 103 104 103 104 103 104 103 104 102 99 102 99 102 99 102 99 102 99 102 99 102 99 99 102