1 Ground 1 361 32 32 
2 Ground 32 361 32 32 
3 Ground 64 361 32 32 
4 Ground 95 361 32 32 
5 Ground 127 361 32 32 
6 Ground 158 361 32 32 
7 Ground 190 361 32 32 
8 Ground 221 361 32 32 
9 Ground 253 361 32 32 
10 Ground 284 361 32 32 
11 Ground 316 361 32 32 
12 Ground 347 361 32 32 
13 Ground 377 361 32 32 
14 Ground 407 361 32 32 
15 Ground 437 361 32 32 
16 Ground 469 361 32 32 
17 Ground 501 361 32 32 
18 Ground 533 361 32 32 
19 Ground 565 361 32 32 
20 Ground 595 361 32 32 
21 Ground 624 361 32 32 
22 Ground 655 361 32 32 
23 Ground 687 361 32 32 
24 Ground 718 361 32 32 
25 Ground 749 361 32 32 
26 Ground 780 361 32 32 
27 Ground 812 361 32 32 
28 Ground 843 361 32 32 
29 Ground 874 361 32 32 
30 Ground 906 361 32 32 
31 Ground 927 361 32 32 
