1 Ground 1 987 32 32 
2 Ground 33 987 32 32 
3 Ground 64 987 32 32 
4 Ground 96 987 32 32 
5 Ground 128 987 32 32 
6 Ground 158 987 32 32 
7 Ground 190 987 32 32 
8 Ground 221 987 32 32 
9 Ground 252 987 32 32 
10 Ground 283 987 32 32 
11 Ground 313 987 32 32 
12 Ground 345 987 32 32 
13 Ground 377 987 32 32 
14 Ground 408 987 32 32 
15 Ground 439 987 32 32 
16 Ground 471 987 32 32 
17 Ground 503 987 32 32 
18 Ground 534 987 32 32 
19 Ground 565 987 32 32 
20 Ground 597 987 32 32 
21 Ground 628 987 32 32 
22 Ground 660 987 32 32 
23 Ground 693 987 32 32 
24 Ground 725 987 32 32 
25 Ground 758 987 32 32 
26 Ground 789 987 32 32 
27 Ground 821 987 32 32 
28 Ground 854 987 32 32 
29 Ground 886 987 32 32 
30 Ground 919 987 32 32 
31 Ground 951 987 32 32 
32 Ground 984 987 32 32 
33 Ground 1016 987 32 32 
34 Ground 1049 987 32 32 
35 Ground 1079 987 32 32 
36 Ground 1110 987 32 32 
37 Ground 1141 987 32 32 
38 Ground 1172 987 32 32 
39 Ground 1204 987 32 32 
40 Ground 1235 987 32 32 
41 Ground 1266 987 32 32 
42 Ground 1297 987 32 32 
43 Ground 1327 987 32 32 
44 Ground 1358 987 32 32 
45 Ground 1390 987 32 32 
46 Ground 1422 987 32 32 
47 Ground 1454 987 32 32 
48 Ground 1484 987 32 32 
49 Ground 1515 987 32 32 
50 Ground 1547 987 32 32 
51 Ground 1579 987 32 32 
52 Ground 1611 987 32 32 
53 Ground 1644 987 32 32 
54 Ground 1676 987 32 32 
55 Ground 1707 987 32 32 
56 Ground 1739 987 32 32 
57 Ground 1770 987 32 32 
58 Ground 1802 987 32 32 
59 Ground 1833 987 32 32 
60 Ground 1864 987 32 32 
61 Ground 1891 987 32 32 
62 Ground 1919 987 32 32 
63 Ground 1402 342 32 32 
64 Ground 1402 372 32 32 
65 Ground 1402 402 32 32 
66 Ground 1402 431 32 32 
67 Ground 1402 462 32 32 
68 Ground 1402 493 32 32 
69 Ground 1402 523 32 32 
70 Ground 1402 552 32 32 
71 Ground 1402 581 32 32 
72 Ground 1402 612 32 32 
73 Ground 1402 642 32 32 
74 Ground 1402 672 32 32 
75 Ground 1402 702 32 32 
76 Ground 1402 732 32 32 
77 Ground 1402 761 32 32 
78 Ground 1402 792 32 32 
79 Ground 1402 823 32 32 
80 Ground 1402 853 32 32 
81 Ground 1402 883 32 32 
82 Ground 1402 913 32 32 
83 Ground 1402 940 32 32 
84 Ground 1402 965 32 32 
85 Ground 1448 342 32 32 
86 Ground 1448 372 32 32 
87 Ground 1448 403 32 32 
88 Ground 1448 433 32 32 
89 Ground 1448 462 32 32 
90 Ground 1448 492 32 32 
91 Ground 1448 522 32 32 
92 Ground 1448 553 32 32 
93 Ground 1448 584 32 32 
94 Ground 1448 614 32 32 
95 Ground 1448 646 32 32 
96 Ground 1448 677 32 32 
97 Ground 1448 707 32 32 
98 Ground 1448 739 32 32 
99 Ground 1448 769 32 32 
100 Ground 1448 799 32 32 
101 Ground 1448 828 32 32 
102 Ground 1448 860 32 32 
103 Ground 1448 890 32 32 
104 Ground 1448 920 32 32 
105 Ground 1448 941 32 32 
106 Ground 1448 964 32 32 
107 Ground 1323 827 32 32 
108 Ground 1351 827 32 32 
109 Ground 1375 827 32 32 
110 Ground 1339 769 32 32 
111 Ground 1372 769 32 32 
112 Ground 1242 726 32 32 
113 Ground 1274 726 32 32 
114 Ground 1306 726 32 32 
115 Ground 1170 667 32 32 
116 Ground 1201 667 32 32 
117 Ground 1232 667 32 32 
118 Ground 1264 667 32 32 
119 Ground 1286 667 32 32 
120 Ground 1048 612 32 32 
121 Ground 1080 612 32 32 
122 Ground 1113 612 32 32 
123 Ground 1144 612 32 32 
124 Ground 1173 612 32 32 
125 Ground 985 682 32 32 
126 Ground 1017 682 32 32 
127 Ground 848 741 32 32 
128 Ground 880 741 32 32 
129 Ground 911 741 32 32 
130 Ground 943 741 32 32 
131 Ground 975 741 32 32 
132 Ground 997 741 32 32 
133 Ground 1020 741 32 32 
134 Ground 1046 812 32 32 
135 Ground 1078 812 32 32 
136 Ground 1100 812 32 32 
137 Ground 1128 812 32 32 
138 Ground 416 812 32 32 
139 Ground 448 812 32 32 
140 Ground 479 812 32 32 
141 Ground 510 812 32 32 
142 Ground 541 812 32 32 
143 Ground 573 812 32 32 
144 Ground 605 812 32 32 
145 Ground 636 812 32 32 
146 Ground 668 812 32 32 
147 Ground 700 812 32 32 
148 Ground 732 812 32 32 
149 Ground 764 812 32 32 
150 Ground 796 812 32 32 
151 Ground 822 812 32 32 
152 Ground 847 812 32 32 
153 Spike 675 927 32 32 
154 Spike 675 964 32 32 
155 Spike 725 927 32 32 
156 Spike 726 966 32 32 
157 Dumbbell 922 909 32 32 
158 Dumbbell 984 909 32 32 
159 Dumbbell 1055 909 32 32 
160 Rock 1233 932 32 32 
161 Rock 1247 865 32 32 
162 Rock 1154 896 32 32 
163 Rock 1145 783 32 32 
164 Rock 1230 601 32 32 
165 Spike 1260 545 32 32 
166 Spike 1260 504 32 32 
167 Rock 1320 480 32 32 
168 Rock 1231 450 32 32 
169 Ground 1311 537 32 32 
170 Ground 1343 537 32 32 
171 Ground 1375 537 32 32 
172 Ground 1001 424 32 32 
173 Ground 1033 424 32 32 
174 Ground 1065 424 32 32 
175 Ground 1095 424 32 32 
176 Ground 1127 424 32 32 
177 Ground 886 392 32 32 
178 Ground 918 392 32 32 
179 Ground 950 392 32 32 
180 Ground 981 392 32 32 
181 Ground 1013 392 32 32 
182 Ground 818 451 32 32 
183 Ground 850 451 32 32 
184 Ground 882 451 32 32 
185 Ground 507 517 32 32 
186 Ground 539 517 32 32 
187 Ground 571 517 32 32 
188 Ground 603 517 32 32 
189 Ground 634 517 32 32 
190 Ground 666 517 32 32 
191 Ground 697 517 32 32 
192 Ground 729 517 32 32 
193 Ground 760 517 32 32 
194 Ground 792 517 32 32 
195 Ground 824 517 32 32 
196 Ground 421 625 32 32 
197 Ground 452 625 32 32 
198 Ground 483 625 32 32 
199 Ground 515 625 32 32 
200 Ground 547 625 32 32 
201 Ground 579 625 32 32 
202 Ground 611 625 32 32 
203 Ground 643 625 32 32 
204 Ground 674 625 32 32 
205 Ground 706 625 32 32 
206 Ground 712 653 32 32 
207 Ground 743 653 32 32 
208 Ground 775 653 32 32 
209 Ground 803 653 32 32 
210 Ground 811 625 32 32 
211 Ground 842 625 32 32 
212 Ground 871 625 32 32 
213 Ground 888 596 32 32 
214 Ground 916 596 32 32 
215 Dumbbell 540 451 32 32 
216 Dumbbell 648 451 32 32 
217 Dumbbell 540 555 32 32 
218 Dumbbell 648 555 32 32 
219 Spike 964 603 32 32 
220 Spike 1004 603 32 32 
221 Ground 397 726 32 32 
222 Ground 429 726 32 32 
223 Ground 461 726 32 32 
224 Ground 492 726 32 32 
225 Ground 524 726 32 32 
226 Ground 546 726 32 32 
227 Ground 311 797 32 32 
228 Ground 342 797 32 32 
229 Ground 374 797 32 32 
230 Ground 220 769 32 32 
231 Ground 251 769 32 32 
232 Ground 276 769 32 32 
233 Ground 299 769 32 32 
234 Ground 115 668 32 32 
235 Ground 147 668 32 32 
236 Ground 178 668 32 32 
237 Ground 202 668 32 32 
238 Ground 0 625 32 32 
239 Ground 31 625 32 32 
240 Ground 63 625 32 32 
241 Ground 94 625 32 32 
242 Ground 1 438 32 32 
243 Ground 33 438 32 32 
244 Ground 60 438 32 32 
245 Ground 113 486 32 32 
246 Ground 145 486 32 32 
247 Ground 177 486 32 32 
248 Ground 196 486 32 32 
249 Ground 206 486 32 32 
250 Ground 0 249 32 32 
251 Ground 31 249 32 32 
252 Ground 59 249 32 32 
253 Ground 129 307 32 32 
254 Ground 161 307 32 32 
255 Ground 186 307 32 32 
256 Ground 212 307 32 32 
257 Ground 115 199 32 32 
258 Ground 147 199 32 32 
259 Ground 178 199 32 32 
260 Ground 198 199 32 32 
261 Ground 219 199 32 32 
262 Rock 621 765 32 32 
263 Rock 330 712 32 32 
264 Rock 341 612 32 32 
265 Rock 280 669 32 32 
266 Rock 263 581 32 32 
267 Spike 105 586 32 32 
268 Ground 236 233 32 32 
269 Ground 269 233 32 32 
270 Ground 301 233 32 32 
271 Ground 333 233 32 32 
272 Ground 333 191 32 32 
273 Ground 365 191 32 32 
274 Ground 386 191 32 32 
275 Ground 406 191 32 32 
276 Ground 287 320 32 32 
277 Ground 318 320 32 32 
278 Ground 349 320 32 32 
279 Ground 377 320 32 32 
280 Ground 412 250 32 32 
281 Ground 443 250 32 32 
282 Ground 464 250 32 32 
283 Ground 492 250 32 32 
284 Ground 394 401 32 32 
285 Ground 426 401 32 32 
286 Ground 457 401 32 32 
287 Ground 489 401 32 32 
288 Ground 521 401 32 32 
289 Ground 545 401 32 32 
290 Ground 567 401 32 32 
291 Ground 573 365 32 32 
292 Ground 605 365 32 32 
293 Ground 632 365 32 32 
294 Ground 651 365 32 32 
295 Ground 555 272 32 32 
296 Ground 578 272 32 32 
297 Ground 664 321 32 32 
298 Ground 686 321 32 32 
299 Ground 710 321 32 32 
300 Ground 723 293 32 32 
301 Ground 755 293 32 32 
302 Ground 787 293 32 32 
303 Ground 818 293 32 32 
304 Ground 800 271 32 32 
305 Ground 832 271 32 32 
306 Ground 863 271 32 32 
307 Ground 721 183 32 32 
308 Ground 752 183 32 32 
309 Ground 776 183 32 32 
310 Ground 800 183 32 32 
311 Ground 826 183 32 32 
312 Ground 872 232 32 32 
313 Ground 904 232 32 32 
314 Ground 936 232 32 32 
315 Ground 967 232 32 32 
316 Ground 997 232 32 32 
317 Ground 1028 232 32 32 
318 Ground 1032 178 32 32 
319 Ground 1064 178 32 32 
320 Ground 1095 178 32 32 
321 Ground 1126 178 32 32 
322 Ground 1158 178 32 32 
323 Ground 1055 178 32 32 
324 Ground 1088 178 32 32 
325 Ground 1120 178 32 32 
326 Ground 1152 178 32 32 
327 Ground 1161 322 32 32 
328 Ground 1193 322 32 32 
329 Ground 1223 322 32 32 
330 Ground 1254 322 32 32 
331 Ground 1285 322 32 32 
332 Ground 1316 322 32 32 
333 Ground 1348 322 32 32 
334 Ground 1379 322 32 32 
335 Ground 1411 322 32 32 
336 Ground 1442 322 32 32 
337 Ground 1474 322 32 32 
338 Ground 1506 322 32 32 
339 Ground 1538 322 32 32 
340 Ground 1570 322 32 32 
341 Ground 1600 322 32 32 
342 Ground 1229 218 32 32 
343 Ground 1261 218 32 32 
344 Ground 1293 218 32 32 
345 Ground 1304 176 32 32 
346 Ground 1335 176 32 32 
347 Ground 1367 176 32 32 
348 Ground 1399 176 32 32 
349 Ground 1431 176 32 32 
350 Ground 1421 250 32 32 
351 Ground 1437 250 32 32 
352 Rock 540 235 32 32 
353 Rock 575 197 32 32 
354 Rock 615 163 32 32 
355 Rock 575 115 32 32 
356 Rock 510 90 32 32 
357 Rock 1370 295 32 32  
358 Spike 1425 227 32 32 
359 Rock 1500 295 32 32 
360 Rock 1538 247 32 32 
361 Rock 1500 205 32 32 
362 Rock 1538 150 32 32 
363 Rock 1490 109 32 32 
364 Ground 1965 177 32 32 
365 Ground 1996 177 32 32 
366 Ground 2028 177 32 32 
367 Ground 2060 177 32 32 
368 Ground 2091 177 32 32 
369 Ground 1766 205 32 32 
370 Ground 1797 205 32 32 
371 Ground 1829 205 32 32 
372 Ground 1861 205 32 32 
373 Ground 1891 205 32 32 
374 Ground 1922 205 32 32 
375 Ground 1954 205 32 32 
376 Ground 1986 205 32 32 
377 Ground 1690 323 32 32 
378 Ground 1721 323 32 32 
379 Ground 1752 323 32 32 
380 Ground 1784 323 32 32 
381 Ground 1810 323 32 32 
382 Ground 1919 395 32 32 
383 Ground 1951 395 32 32 
384 Ground 1982 395 32 32 
385 Ground 2014 395 32 32 
386 Ground 2046 395 32 32 
387 Ground 2078 395 32 32 
388 Ground 2111 395 32 32 
389 Ground 1522 465 32 32 
390 Ground 1554 465 32 32 
391 Ground 1579 465 32 32 
392 Ground 1611 465 32 32 
393 Ground 1642 465 32 32 
394 Ground 1664 465 32 32 
395 Ground 1477 537 32 32 
396 Ground 1509 537 32 32 
397 Ground 1668 537 32 32 
398 Ground 1699 537 32 32 
399 Ground 1730 537 32 32 
400 Ground 1761 537 32 32 
401 Ground 1793 537 32 32 
402 Ground 1813 537 32 32 
403 Ground 1479 638 32 32 
404 Ground 1510 638 32 32 
405 Ground 1542 638 32 32 
406 Ground 1541 682 32 32 
407 Ground 1573 682 32 32 
408 Ground 1605 682 32 32 
409 Ground 1637 682 32 32 
410 Ground 1665 682 32 32 
411 Ground 1688 682 32 32 
412 Ground 1728 756 32 32 
413 Ground 1749 756 32 32 
414 Ground 1771 756 32 32 
415 Ground 1476 870 32 32 
416 Ground 1508 870 32 32 
417 Ground 1539 870 32 32 
418 Ground 1570 870 32 32 
419 Ground 1602 870 32 32 
420 Ground 1633 870 32 32 
421 Ground 1665 870 32 32 
422 Ground 1687 870 32 32 
423 Ground 1686 914 32 32 
424 Ground 1717 914 32 32 
425 Ground 1747 914 32 32 
426 Ground 1779 914 32 32 
427 Ground 1803 914 32 32 
428 Ground 1824 914 32 32 
429 Ground 1971 523 32 32 
430 Ground 2002 523 32 32 
431 Ground 2033 523 32 32 
432 Ground 2064 523 32 32 
433 Ground 2090 523 32 32 
434 Ground 2112 523 32 32 
435 Ground 2024 624 32 32 
436 Ground 2055 624 32 32 
437 Ground 2085 624 32 32 
438 Ground 2112 624 32 32 
439 Ground 2055 724 32 32 
440 Ground 2086 724 32 32 
441 Ground 2112 724 32 32 
442 Ground 1927 987 32 32 
443 Ground 1959 987 32 32 
444 Ground 1990 987 32 32 
445 Ground 2022 987 32 32 
446 Ground 2054 987 32 32 
447 Ground 2086 987 32 32 
448 Ground 2110 987 32 32 
449 Ground 1599 91 32 32 
450 Ground 1615 91 32 32 
451 Spike 1631 847 32 32 
452 Spike 1631 817 32 32 
453 Spike 1631 787 32 32
454 Spike 1631 757 32 32 
455 Spike 1631 727 32 32 
456 Rock 1575 845 32 32  
457 Rock 1537 803 32 32 
458 Rock 1876 930 32 32 
459 Rock 1946 890 32 32 
460 Rock 1997 859 32 32
461 Rock 1925 805 32 32 
462 Rock 2015 770 32 32  
463 Rock 1910 730 32 32 
464 Rock 1866 672 32 32 
465 Rock 1954 655 32 32 
466 Rock 1877 509 32 32 
467 Rock 1843 463 32 32 
468 Rock 1865 340 32 32 
469 Spike 1867 271 32 32 
470 Rock 1693 271 32 32 
471 Rope 77 603 144 32 
472 Rope 77 402 132 32 
473 Rope 260 526 265 32 
474 Rope 441 580 157 32 
475 Rope 986 565 145 32 
476 Rope 1700 825 114 32 
477 Rope 1562 613 117 32 
478 Rope 1941 623 200 32 
479 Rope 1821 497 153 32 
480 Rope 1957 340 107 32 
481 Apple 1004 724 7 7 
482 Apple 1021 668 7 7 
483 Apple 1005 649 7 7 
484 Apple 992 668 7 7 
485 GenieFace 1079 658 38 50 
486 Apple 1098 589 7 7 
487 Apple 1221 415 7 7 
488 GenieJar 1090 402 20 33 
489 Apple 743 764 7 7 
490 Apple 724 751 7 7 
491 Apple 705 765 7 7 
492 Apple 486 789 7 7 
493 GenieJar 444 706 20 33 
494 GenieFace 243 733 38 50 
495 GenieFace 8 495 38 50 
496 GenieJar 686 305 20 33 
497 Spend 834 240 17 16 
498 Apple 838 153 7 7 
499 Apple 860 135 7 7 
500 Apple 742 173 7 7 
501 GenieFace 1072 243 38 50 
502 Spend 1262 199 17 16 
503 Apple 1356 157 7 7 
504 Apple 1375 141 7 7 
505 Apple 1396 158 7 7 
506 Apple 1263 304 7 7 
507 Apple 1290 282 7 7 
508 Apple 1315 297 7 7 
509 Spend 1525 250 17 16 
510 Spend 1579 194 17 16 
511 GenieJar 1568 302 20 33 
512 GenieFace 1464 38 38 50 
513 Spend 1607 23 17 16 
514 Spend 1636 67 17 16 
515 Apple 1836 741 7 7 
516 Apple 1834 709 7 7 
517 Heart 1496 714 32 32 
518 Apple 1688 942 7 7 
519 Apple 1502 944 7 7 
520 Apple 1488 963 7 7 
521 Apple 1503 979 7 7 
522 Apple 1518 962 7 7 
523 Apple 2044 963 7 7 
524 Apple 2062 941 7 7 
525 Apple 2081 963 7 7 
526 Apple 2025 474 7 7 
527 Apple 2046 452 7 7 
528 Apple 2078 472 7 7 
529 GenieJar 1797 304 20 33 
530 Spend 1972 356 17 16 
531 Spend 1992 332 17 16 
532 Spend 2015 354 17 16 
533 Spend 1996 373 17 16 
534 Apple 2017 160 7 7 